{
 "metadata": {
  "language_info": {
   "codemirror_mode": {
    "name": "ipython",
    "version": 3
   },
   "file_extension": ".py",
   "mimetype": "text/x-python",
   "name": "python",
   "nbconvert_exporter": "python",
   "pygments_lexer": "ipython3",
   "version": "3.8.5"
  },
  "orig_nbformat": 2,
  "kernelspec": {
   "name": "python385jvsc74a57bd031f2aee4e71d21fbe5cf8b01ff0e069b9275f58929596ceb00d14d90e3e16cd6",
   "display_name": "Python 3.8.5 64-bit"
  },
  "metadata": {
   "interpreter": {
    "hash": "31f2aee4e71d21fbe5cf8b01ff0e069b9275f58929596ceb00d14d90e3e16cd6"
   }
  }
 },
 "nbformat": 4,
 "nbformat_minor": 2,
 "cells": [
  {
   "cell_type": "code",
   "execution_count": 1,
   "metadata": {},
   "outputs": [],
   "source": [
    "import os\n",
    "import open3d as o3d\n",
    "import numpy as np\n",
    "import pymesh\n",
    "import trimesh as tri\n",
    "from numpy import linalg as LA\n",
    "from numpy.linalg import norm\n",
    "from sklearn import svm\n",
    "from sklearn.preprocessing import StandardScaler\n",
    "import matplotlib.pyplot as plt"
   ]
  },
  {
   "cell_type": "code",
   "execution_count": 2,
   "metadata": {},
   "outputs": [],
   "source": [
    "def getEigenValues1(curv):\n",
    "    #tris = np.asarray(mesh.triangles)\n",
    "    mean = curv.mean(axis=0)\n",
    "    print(\"mean: \",mean) \n",
    "   # print(\"shape: \", curv-mean.shape)\n",
    "    print(\"curve-mean shape: \", curv.shape[0])\n",
    "    curv = curv.reshape(curv.shape[0], 1)\n",
    "    #s = (curv-mean)\n",
    "    #s = np.transpose(curv-mean)\n",
    "    print(\"curve-mean transpose shape: \", curv.shape)\n",
    "    cov = np.matmul((curv-mean), np.transpose(curv-mean))\n",
    "    #print(\"cov: \", cov)\n",
    "    #print(\"cov(0): \", cov[0])\n",
    "    #print(\"Nones: \", sum(~np.isnan(cov)))\n",
    "    print(\"here2\")\n",
    "    q = [np.array(cov[i]) for i in range(cov.shape[1])]\n",
    "    #print(\"q: \", q)\n",
    "    print(\"here1\")\n",
    "    w,v = LA.eig(q)\n",
    "    print(\"w: \", w)\n",
    "    print(\"done\")\n",
    "    return w\n",
    "    \n",
    "    #leaves\n",
    "\n",
    "def draw_geometries(pcds):\n",
    "    \"\"\"\n",
    "    Draw Geometries\n",
    "    Args:\n",
    "        - pcds (): [pcd1,pcd2,...]\n",
    "    \"\"\"\n",
    "    o3d.visualization.draw_geometries(pcds)\n",
    "\n",
    "def get_o3d_FOR(origin=[0, 0, 0],size=10):\n",
    "    \"\"\" \n",
    "    Create a FOR that can be added to the open3d point cloud\n",
    "    \"\"\"\n",
    "    mesh_frame = o3d.geometry.TriangleMesh.create_coordinate_frame(\n",
    "    size=size)\n",
    "    mesh_frame.translate(origin)\n",
    "    return(mesh_frame)\n",
    "\n",
    "def vector_magnitude(vec):\n",
    "    \"\"\"\n",
    "    Calculates a vector's magnitude.\n",
    "    Args:\n",
    "        - vec (): \n",
    "    \"\"\"\n",
    "    magnitude = np.sqrt(np.sum(vec**2))\n",
    "    return(magnitude)\n",
    "\n",
    "\n",
    "def calculate_zy_rotation_for_arrow(vec):\n",
    "    \"\"\"\n",
    "    Calculates the rotations required to go from the vector vec to the \n",
    "    z axis vector of the original FOR. The first rotation that is \n",
    "    calculated is over the z axis. This will leave the vector vec on the\n",
    "    XZ plane. Then, the rotation over the y axis. \n",
    "\n",
    "    Returns the angles of rotation over axis z and y required to\n",
    "    get the vector vec into the same orientation as axis z\n",
    "    of the original FOR\n",
    "\n",
    "    Args:\n",
    "        - vec (): \n",
    "    \"\"\"\n",
    "    # Rotation over z axis of the FOR\n",
    "    gamma = np.arctan(vec[1]/vec[0])\n",
    "    Rz = np.array([[np.cos(gamma),-np.sin(gamma),0],\n",
    "                   [np.sin(gamma),np.cos(gamma),0],\n",
    "                   [0,0,1]])\n",
    "    # Rotate vec to calculate next rotation\n",
    "    vec = Rz.T@vec.reshape(-1,1)\n",
    "    vec = vec.reshape(-1)\n",
    "    # Rotation over y axis of the FOR\n",
    "    beta = np.arctan(vec[0]/vec[2])\n",
    "    Ry = np.array([[np.cos(beta),0,np.sin(beta)],\n",
    "                   [0,1,0],\n",
    "                   [-np.sin(beta),0,np.cos(beta)]])\n",
    "    return(Rz, Ry)\n",
    "\n",
    "def create_arrow(scale=10):\n",
    "    \"\"\"\n",
    "    Create an arrow in for Open3D\n",
    "    \"\"\"\n",
    "    cone_height = scale*0.2\n",
    "    cylinder_height = scale*0.8\n",
    "    cone_radius = scale/10\n",
    "    cylinder_radius = scale/20\n",
    "    mesh_frame = o3d.geometry.TriangleMesh.create_arrow(cone_radius=1,\n",
    "        cone_height=cone_height,\n",
    "        cylinder_radius=0.5,\n",
    "        cylinder_height=cylinder_height)\n",
    "    return(mesh_frame)\n",
    "\n",
    "def get_arrow(origin=[0, 0, 0], end=None, vec=None):\n",
    "    \"\"\"\n",
    "    Creates an arrow from an origin point to an end point,\n",
    "    or create an arrow from a vector vec starting from origin.\n",
    "    Args:\n",
    "        - end (): End point. [x,y,z]\n",
    "        - vec (): Vector. [i,j,k]\n",
    "    \"\"\"\n",
    "    scale = 10\n",
    "    Ry = Rz = np.eye(3)\n",
    "    T = np.array([[1, 0, 0, 0], [0, 1, 0, 0], [0, 0, 1, 0], [0, 0, 0, 1]])\n",
    "    T[:3, -1] = origin\n",
    "    if end is not None:\n",
    "        vec = np.array(end) - np.array(origin)\n",
    "    elif vec is not None:\n",
    "        vec = np.array(vec)\n",
    "    if end is not None or vec is not None:\n",
    "        scale = vector_magnitude(vec)\n",
    "        Rz, Ry = calculate_zy_rotation_for_arrow(vec)\n",
    "    mesh = create_arrow(scale)\n",
    "    # Create the arrow\n",
    "    mesh.rotate(-1 *Ry, center=np.array([0, 0, 0]))\n",
    "    mesh.rotate(-1 *Rz, center=np.array([0, 0, 0]))\n",
    "    mesh.translate(origin)\n",
    "    return(mesh)\n",
    "    \n",
    "def getEigenValues2(mesh, normals):\n",
    "    #pcd = o3d.geometry.PointCloud()\n",
    "    #pcd.points = o3d.utility.Vector3dVector(np.asarray(mesh.vertices))\n",
    "    #pcd.estimate_normals()\n",
    "    #o3d.visualization.draw_geometries([pcd])\n",
    "    \n",
    "    mean = normals.mean(axis=0)\n",
    "    print(\"mean\")\n",
    "    #print(\"normals: \", normals)\n",
    "    cov = np.matmul(np.transpose(normals-mean), (normals-mean))\n",
    "    mesh.vertices = o3d.utility.Vector3dVector(normals-mean)\n",
    "    w,v = LA.eig(cov)\n",
    "    origin = [0,0,0]\n",
    "    print(\"w: \", w)\n",
    "    w = np.sort(w) \n",
    "    print(\"v: \", v)\n",
    "    Z = [x for _,x in sorted(zip(w,v))]\n",
    "    print(\"Z: \", Z[2])\n",
    "    vec0 = get_arrow(origin=origin, vec=Z[0]*10)\n",
    "    vec1 = get_arrow(origin=origin, vec=Z[1]*10)\n",
    "    vec2 = get_arrow(origin=origin, vec=Z[2]*10)\n",
    "    o3d.visualization.draw_geometries([mesh, vec0, vec1, vec2])\n",
    "    print(\"eigen values: \", w)\n",
    "    \n",
    "    print(\"eigen values SORTED: \", w)\n",
    "    #print(\"w shape: \", w.shape)\n",
    "    ans = [w[0], w[2]-w[1], w[1]-w[0]]\n",
    "    sec = [w[0]/(w[0] + w[1] + w[2]),  w[2]/(w[0] + w[1] + w[2])]\n",
    "    print(\"features of article: \", ans)\n",
    "    print(\"curvature and direction in article: \", sec)\n",
    "    ans = np.array(ans)\n",
    "    sec = np.array(sec)\n",
    "    return w\n",
    "    read_triangle_mesh(\"./organDetection/leaf/\" + filename)\n",
    "    #vers = np.asarray(mesh.vertices)\n",
    "    #print(\"vers shape: \", vers.shape)\n",
    "    #t = g.get_mesh(\"./organDetection/leaf/\" + filename)\n",
    "    #t = tri.load(\"./organDetection/leaf/\" + filename)\n",
    "    #gauss = tri.curvature.discrete_gaussian_curvature_measure(mesh=t,points=t.vertices,radius=1.0)\n",
    "    mesh.compute_vertex_normals()\n",
    "    mesh.compute_triangle_normals()\n",
    "    #normals = np.asa\n",
    "    #leaves"
   ]
  },
  {
   "cell_type": "code",
   "execution_count": 3,
   "metadata": {},
   "outputs": [
    {
     "output_type": "stream",
     "name": "stdout",
     "text": [
      "LEAF\n",
      "clean8.ply\n",
      "mean\n",
      "w:  [56657.23673104 32551.3783346    963.82102283]\n",
      "v:  [[ 0.98434732 -0.17134546 -0.04124425]\n",
      " [-0.17281354 -0.98432836 -0.03511643]\n",
      " [ 0.03458084 -0.04169433  0.9985318 ]]\n",
      "Z:  [ 0.03458084 -0.04169433  0.9985318 ]\n",
      "eigen values:  [  963.82102283 32551.3783346  56657.23673104]\n",
      "eigen values SORTED:  [  963.82102283 32551.3783346  56657.23673104]\n",
      "features of article:  [963.8210228342008, 24105.858396439042, 31587.5573117698]\n",
      "curvature and direction in article:  [0.010688643499533008, 0.6283210168066039]\n",
      "---------------------------------------------------------------------\n",
      "LEAF\n",
      "clean5.ply\n",
      "mean\n",
      "w:  [16349.92633941   175.2244105   3485.35780785]\n",
      "v:  [[ 0.9915811   0.11244838 -0.06420497]\n",
      " [ 0.05895229 -0.83351069 -0.54934921]\n",
      " [ 0.11528895 -0.54093926  0.83312254]]\n",
      "Z:  [ 0.11528895 -0.54093926  0.83312254]\n",
      "eigen values:  [  175.2244105   3485.35780785 16349.92633941]\n",
      "eigen values SORTED:  [  175.2244105   3485.35780785 16349.92633941]\n",
      "features of article:  [175.22441050474058, 12864.568531550534, 3310.1333973498213]\n",
      "curvature and direction in article:  [0.008756619553117288, 0.817067007178139]\n",
      "---------------------------------------------------------------------\n",
      "LEAF\n",
      "clean1.ply\n",
      "mean\n",
      "w:  [155.08664746   3.56935026   9.95437861]\n",
      "v:  [[ 0.01341273 -0.99989725  0.00505853]\n",
      " [-0.82374184 -0.0139172  -0.56679423]\n",
      " [-0.56680639 -0.00343534  0.82384387]]\n",
      "Z:  [-0.56680639 -0.00343534  0.82384387]\n",
      "eigen values:  [  3.56935026   9.95437861 155.08664746]\n",
      "eigen values SORTED:  [  3.56935026   9.95437861 155.08664746]\n",
      "features of article:  [3.569350256464104, 145.13226884865097, 6.385028356179395]\n",
      "curvature and direction in article:  [0.02116922062655118, 0.9197930212633708]\n",
      "---------------------------------------------------------------------\n",
      "LEAF\n",
      "clean3.ply\n",
      "mean\n",
      "w:  [2.04406779e+02 3.57409581e+00 3.41289354e-02]\n",
      "v:  [[ 1.28459787e-02 -9.99903028e-01 -5.37735346e-03]\n",
      " [-9.99917376e-01 -1.28432541e-02 -5.40896780e-04]\n",
      " [-4.71781612e-04 -5.38385750e-03  9.99985396e-01]]\n",
      "Z:  [-4.71781612e-04 -5.38385750e-03  9.99985396e-01]\n",
      "eigen values:  [3.41289354e-02 3.57409581e+00 2.04406779e+02]\n",
      "eigen values SORTED:  [3.41289354e-02 3.57409581e+00 2.04406779e+02]\n",
      "features of article:  [0.03412893537458737, 200.83268297421043, 3.5399668784102736]\n",
      "curvature and direction in article:  [0.00016406958533878737, 0.9826540168362664]\n",
      "---------------------------------------------------------------------\n",
      "LEAF\n",
      "clean4.ply\n",
      "mean\n",
      "w:  [3.57080398 1.06773958 0.03855075]\n",
      "v:  [[ 0.10706669  0.99328228  0.04389808]\n",
      " [ 0.99422365 -0.10662679 -0.01224959]\n",
      " [ 0.00748659 -0.04495603  0.99896091]]\n",
      "Z:  [ 0.00748659 -0.04495603  0.99896091]\n",
      "eigen values:  [0.03855075 1.06773958 3.57080398]\n",
      "eigen values SORTED:  [0.03855075 1.06773958 3.57080398]\n",
      "features of article:  [0.03855075434193051, 2.503064402692764, 1.0291888228406174]\n",
      "curvature and direction in article:  [0.00824245819631394, 0.7634663194992575]\n",
      "---------------------------------------------------------------------\n",
      "LEAF\n",
      "clean7.ply\n",
      "mean\n",
      "w:  [4.53005843e+09 2.14721490e+07 2.19635054e+09]\n",
      "v:  [[-0.85896547 -0.42459111  0.28618299]\n",
      " [-0.37131364  0.13167518 -0.9191234 ]\n",
      " [-0.35256843  0.89575891  0.27076091]]\n",
      "Z:  [-0.35256843  0.89575891  0.27076091]\n",
      "eigen values:  [2.14721490e+07 2.19635054e+09 4.53005843e+09]\n",
      "eigen values SORTED:  [2.14721490e+07 2.19635054e+09 4.53005843e+09]\n",
      "features of article:  [21472148.985643268, 2333707887.9183817, 2174878390.8234606]\n",
      "curvature and direction in article:  [0.003182057984552894, 0.6713305035317837]\n",
      "---------------------------------------------------------------------\n",
      "LEAF\n",
      "clean2.ply\n",
      "mean\n",
      "w:  [206.0530298    3.5750887    1.55432214]\n",
      "v:  [[ 0.01236671 -0.99782187 -0.06479643]\n",
      " [-0.91013571 -0.03807056  0.41255741]\n",
      " [ 0.41412565 -0.05387156  0.90862413]]\n",
      "Z:  [ 0.41412565 -0.05387156  0.90862413]\n",
      "eigen values:  [  1.55432214   3.5750887  206.0530298 ]\n",
      "eigen values SORTED:  [  1.55432214   3.5750887  206.0530298 ]\n",
      "features of article:  [1.5543221446183026, 202.47794110228185, 2.020766554553442]\n",
      "curvature and direction in article:  [0.007360091775950928, 0.9757109974289636]\n",
      "---------------------------------------------------------------------\n",
      "LEAF\n",
      "clean6.ply\n",
      "mean\n",
      "w:  [5.96329671e+08 4.34487985e+08 7.56503598e+06]\n",
      "v:  [[ 0.86753019 -0.49680391 -0.02402584]\n",
      " [-0.02016838  0.01312832 -0.9997104 ]\n",
      " [-0.49697545 -0.86776352 -0.00136948]]\n",
      "Z:  [-0.49697545 -0.86776352 -0.00136948]\n",
      "eigen values:  [7.56503598e+06 4.34487985e+08 5.96329671e+08]\n",
      "eigen values SORTED:  [7.56503598e+06 4.34487985e+08 5.96329671e+08]\n",
      "features of article:  [7565035.975542879, 161841686.28565013, 426922948.67625046]\n",
      "curvature and direction in article:  [0.007285402614081354, 0.5742869905109944]\n",
      "---------------------------------------------------------------------\n",
      "LEAF\n",
      "flower.ply\n",
      "mean\n",
      "w:  [1948.45860031   70.32941924   37.40123498]\n",
      "v:  [[-0.0993019   0.7533126  -0.6501225 ]\n",
      " [ 0.99461448  0.05565271 -0.08743463]\n",
      " [ 0.02968453  0.65530367  0.75478204]]\n",
      "Z:  [0.02968453 0.65530367 0.75478204]\n",
      "eigen values:  [  37.40123498   70.32941924 1948.45860031]\n",
      "eigen values SORTED:  [  37.40123498   70.32941924 1948.45860031]\n",
      "features of article:  [37.4012349845177, 1878.1291810692796, 32.92818425850862]\n",
      "curvature and direction in article:  [0.018189587802747095, 0.9476066446754907]\n",
      "---------------------------------------------------------------------\n",
      "middle\n"
     ]
    }
   ],
   "source": [
    "X = []\n",
    "Y = []\n",
    "for filename in os.listdir(\"./organDetection/leaf/\"):\n",
    "    print(\"LEAF\")\n",
    "    print(filename)\n",
    "    #mesh = o3d.io.read_triangle_mesh(\"./organs/\" + filename)\n",
    "    mesh = o3d.io.read_triangle_mesh(\"./organDetection/leaf/\" + filename)\n",
    "    #vers = np.asarray(mesh.vertices)\n",
    "    #print(\"vers shape: \", vers.shape)\n",
    "    #t = g.get_mesh(\"./organDetection/leaf/\" + filename)\n",
    "    #t = tri.load(\"./organDetection/leaf/\" + filename)\n",
    "    #gauss = tri.curvature.discrete_gaussian_curvature_measure(mesh=t,points=t.vertices,radius=1.0)\n",
    "    mesh.compute_vertex_normals()\n",
    "    mesh.compute_triangle_normals()\n",
    "    #normals = np.asarray(mesh.vertex_normals)\n",
    "    normals = np.asarray(mesh.vertex_normals)\n",
    "    points = np.asarray(mesh.vertices)\n",
    "    #normals = np.asarray(mesh.triangle_normals)\n",
    "    w = getEigenValues2(mesh, points)\n",
    "    #print(\"w: \", w)\n",
    "    #gauss = gauss[:100]\n",
    "    #w = getEigenValues(gauss)\n",
    "    #print(\"after\")\n",
    "    #print(\"w: \", w)\n",
    "    \"\"\"if (i == 0):\n",
    "            i+=1\n",
    "            continue\n",
    "        i+=1\"\"\" \n",
    "    #print(\"after\")\n",
    "    X.append(np.array(w))\n",
    "    Y.append(0)\n",
    "    print(\"---------------------------------------------------------------------\")\n",
    "    # stem\n",
    "print(\"middle\")"
   ]
  },
  {
   "cell_type": "code",
   "execution_count": 4,
   "metadata": {},
   "outputs": [
    {
     "output_type": "stream",
     "name": "stdout",
     "text": [
      "STEM\n",
      "clean8.ply\n",
      "vers shape:  (338, 3)\n",
      "mean\n",
      "w:  [2393.59703351    5.56390622    3.52912242]\n",
      "v:  [[-0.05054728 -0.74934506  0.66024764]\n",
      " [-0.01347415 -0.6605209  -0.75068674]\n",
      " [-0.99863077  0.04684145 -0.02329075]]\n",
      "Z:  [-0.99863077  0.04684145 -0.02329075]\n",
      "eigen values:  [   3.52912242    5.56390622 2393.59703351]\n",
      "eigen values SORTED:  [   3.52912242    5.56390622 2393.59703351]\n",
      "features of article:  [3.529122417067853, 2388.0331272912317, 2.0347838055964496]\n",
      "curvature and direction in article:  [0.0014688213318302728, 0.9962154799809754]\n",
      "---------------------------------------------------------------------\n",
      "STEM\n",
      "clean5.ply\n",
      "vers shape:  (4121, 3)\n",
      "mean\n",
      "w:  [1.16939736e+01 6.55328370e+02 3.83185819e+04]\n",
      "v:  [[-9.99998929e-01 -1.46366972e-03 -1.40183630e-05]\n",
      " [-1.46270475e-03  9.99607571e-01 -2.79743577e-02]\n",
      " [-5.49580822e-05  2.79743073e-02  9.99608641e-01]]\n",
      "Z:  [-5.49580822e-05  2.79743073e-02  9.99608641e-01]\n",
      "eigen values:  [1.16939736e+01 6.55328370e+02 3.83185819e+04]\n",
      "eigen values SORTED:  [1.16939736e+01 6.55328370e+02 3.83185819e+04]\n",
      "features of article:  [11.693973614256038, 37663.25357758219, 643.6343968354845]\n",
      "curvature and direction in article:  [0.000299956197334792, 0.9828905475193768]\n",
      "---------------------------------------------------------------------\n",
      "STEM\n",
      "clean1.ply\n",
      "vers shape:  (449, 3)\n",
      "mean\n",
      "w:  [4.30671780e+04 2.73238882e+01 2.14632304e+01]\n",
      "v:  [[-2.53415464e-02  9.40720271e-01  3.38235389e-01]\n",
      " [ 9.44872054e-03 -3.38103538e-01  9.41061485e-01]\n",
      " [-9.99634197e-01 -2.70438450e-02  3.20536438e-04]]\n",
      "Z:  [-9.99634197e-01 -2.70438450e-02  3.20536438e-04]\n",
      "eigen values:  [2.14632304e+01 2.73238882e+01 4.30671780e+04]\n",
      "eigen values SORTED:  [2.14632304e+01 2.73238882e+01 4.30671780e+04]\n",
      "features of article:  [21.463230351990106, 43039.85413788462, 5.860657862705764]\n",
      "curvature and direction in article:  [0.0004978023866559643, 0.9988684674365286]\n",
      "---------------------------------------------------------------------\n",
      "STEM\n",
      "clean3.ply\n",
      "vers shape:  (1987, 3)\n",
      "mean\n",
      "w:  [7571.17553472    8.02165726    9.03860089]\n",
      "v:  [[-0.00722096 -0.97810353  0.20799359]\n",
      " [-0.00294     0.20801888  0.97812039]\n",
      " [ 0.99996961 -0.00645147  0.00437773]]\n",
      "Z:  [ 0.99996961 -0.00645147  0.00437773]\n",
      "eigen values:  [   8.02165726    9.03860089 7571.17553472]\n",
      "eigen values SORTED:  [   8.02165726    9.03860089 7571.17553472]\n",
      "features of article:  [8.02165726299285, 7562.13693382835, 1.0169436291688143]\n",
      "curvature and direction in article:  [0.001057117554323247, 0.9977517490730623]\n",
      "---------------------------------------------------------------------\n",
      "STEM\n",
      "clean4.ply\n",
      "vers shape:  (630, 3)\n",
      "mean\n",
      "w:  [2.59172473e+04 8.86241730e+00 2.94386394e+01]\n",
      "v:  [[-3.91886631e-04 -9.95844396e-01 -9.10702226e-02]\n",
      " [ 9.03033766e-03  9.10629921e-02 -9.95804190e-01]\n",
      " [-9.99959149e-01  1.21263721e-03 -8.95712479e-03]]\n",
      "Z:  [-0.99995915  0.00121264 -0.00895712]\n",
      "eigen values:  [8.86241730e+00 2.94386394e+01 2.59172473e+04]\n",
      "eigen values SORTED:  [8.86241730e+00 2.94386394e+01 2.59172473e+04]\n",
      "features of article:  [8.86241730495648, 25887.80863786383, 20.57622206090355]\n",
      "curvature and direction in article:  [0.00034144596719543345, 0.9985243595635853]\n",
      "---------------------------------------------------------------------\n",
      "STEM\n",
      "clean7.ply\n",
      "vers shape:  (650, 3)\n",
      "mean\n",
      "w:  [1.15560093e+04 3.71056880e+01 5.96619457e+00]\n",
      "v:  [[-0.03765449 -0.93562055 -0.35099335]\n",
      " [-0.0172522  -0.35058143  0.93637334]\n",
      " [ 0.99914188 -0.04131407  0.00294055]]\n",
      "Z:  [ 0.99914188 -0.04131407  0.00294055]\n",
      "eigen values:  [5.96619457e+00 3.71056880e+01 1.15560093e+04]\n",
      "eigen values SORTED:  [5.96619457e+00 3.71056880e+01 1.15560093e+04]\n",
      "features of article:  [5.966194569010956, 11518.903656123854, 31.13949338606884]\n",
      "curvature and direction in article:  [0.0005143678583202966, 0.9962866125615791]\n",
      "---------------------------------------------------------------------\n",
      "STEM\n",
      "clean9.ply\n",
      "vers shape:  (141, 3)\n",
      "mean\n",
      "w:  [1.39146441e-02 5.69444690e-05 4.01290748e-04]\n",
      "v:  [[ 0.14011017  0.9852993  -0.09774676]\n",
      " [ 0.98470523 -0.14898643 -0.09032532]\n",
      " [ 0.10356041  0.08359625  0.99110388]]\n",
      "Z:  [0.10356041 0.08359625 0.99110388]\n",
      "eigen values:  [5.69444690e-05 4.01290748e-04 1.39146441e-02]\n",
      "eigen values SORTED:  [5.69444690e-05 4.01290748e-04 1.39146441e-02]\n",
      "features of article:  [5.6944469033912474e-05, 0.01351335334330286, 0.0003443462790091769]\n",
      "curvature and direction in article:  [0.003961938858036695, 0.9681180640813938]\n",
      "---------------------------------------------------------------------\n",
      "STEM\n",
      "clean2.ply\n",
      "vers shape:  (1068, 3)\n",
      "mean\n",
      "w:  [1.81831480e+05 4.36539898e+01 1.19159164e+02]\n",
      "v:  [[-0.01254613  0.8456158  -0.53364455]\n",
      " [-0.00561596  0.53361855  0.84570663]\n",
      " [-0.99990552 -0.01360727  0.0019459 ]]\n",
      "Z:  [-0.99990552 -0.01360727  0.0019459 ]\n",
      "eigen values:  [4.36539898e+01 1.19159164e+02 1.81831480e+05]\n",
      "eigen values SORTED:  [4.36539898e+01 1.19159164e+02 1.81831480e+05]\n",
      "features of article:  [43.65398977900884, 181712.320520968, 75.50517388775147]\n",
      "curvature and direction in article:  [0.0002398646083800418, 0.9991053941807361]\n",
      "---------------------------------------------------------------------\n",
      "STEM\n",
      "clean6.ply\n",
      "vers shape:  (1786, 3)\n",
      "mean\n",
      "w:  [1.85767198e+04 4.12698124e+00 2.60280851e+01]\n",
      "v:  [[ 0.00358142  0.99992242  0.01192993]\n",
      " [ 0.05111495  0.01173136 -0.99862387]\n",
      " [ 0.99868636 -0.00418629  0.05106897]]\n",
      "Z:  [ 0.99868636 -0.00418629  0.05106897]\n",
      "eigen values:  [4.12698124e+00 2.60280851e+01 1.85767198e+04]\n",
      "eigen values SORTED:  [4.12698124e+00 2.60280851e+01 1.85767198e+04]\n",
      "features of article:  [4.126981239504184, 18550.691670096632, 21.901103862700893]\n",
      "curvature and direction in article:  [0.00022179873187121776, 0.9983793588858457]\n",
      "---------------------------------------------------------------------\n"
     ]
    }
   ],
   "source": [
    "for filename in os.listdir(\"./organDetection/stem\"):\n",
    "    print(\"STEM\")\n",
    "    print(filename)\n",
    "    mesh = o3d.io.read_triangle_mesh(\"./organDetection/stem/\" + filename)\n",
    "    vers = np.asarray(mesh.vertices)\n",
    "    print(\"vers shape: \", vers.shape)\n",
    "    #t = g.get_mesh(\"./organDetection/leaf/\" + filename)\n",
    "    #t = tri.load(\"./organDetection/stem/\" + filename)\n",
    "    mesh.compute_vertex_normals()\n",
    "    mesh.compute_triangle_normals()\n",
    "    normals = np.asarray(mesh.vertex_normals)\n",
    "    points = np.asarray(mesh.vertices)\n",
    "    #normals = np.asarray(mesh.triangle_normals)\n",
    "    w = getEigenValues2(mesh, points)\n",
    "    #print(\"w: \", w)\n",
    "    #gauss = tri.curvature.discrete_gaussian_curvature_measure(mesh=t,points=t.vertices,radius=1.0)\n",
    "    #print(\"gauss: \", gauss)\n",
    "    #print(\"shape: \", gauss.shape)\n",
    "    #gauss = gauss[:100]\n",
    "    #w= getEigenValues(gauss)\n",
    "    #print(\"w: \", w.shape)\n",
    "    X.append(np.array(w))\n",
    "    Y.append(1)\n",
    "    print(\"---------------------------------------------------------------------\")\n"
   ]
  },
  {
   "cell_type": "code",
   "execution_count": 5,
   "metadata": {},
   "outputs": [],
   "source": [
    "# Generates a poisson reconstructed mesh for a given pointcloud pcd\n",
    "def generate_mesh(pcd, visualize = False):\n",
    "\n",
    "    with o3d.utility.VerbosityContextManager(\n",
    "            o3d.utility.VerbosityLevel.Debug) as cm:\n",
    "        poisson_mesh, densities = o3d.geometry.TriangleMesh.create_from_point_cloud_poisson(\n",
    "            pcd, depth=9)\n",
    "    print(poisson_mesh)\n",
    "    \n",
    "    if visualize == True:\n",
    "        o3d.visualization.draw_geometries([poisson_mesh])\n",
    "\n",
    "        print('visualize densities')\n",
    "    \n",
    "    densities = np.asarray(densities)\n",
    "    density_colors = plt.get_cmap('plasma')(\n",
    "        (densities - densities.min()) / (densities.max() - densities.min()))\n",
    "    density_colors = density_colors[:, :3]\n",
    "    density_mesh = o3d.geometry.TriangleMesh()\n",
    "    density_mesh.vertices = poisson_mesh.vertices\n",
    "    density_mesh.triangles = poisson_mesh.triangles\n",
    "    density_mesh.triangle_normals = poisson_mesh.triangle_normals\n",
    "    density_mesh.vertex_colors = o3d.utility.Vector3dVector(density_colors)\n",
    "    \n",
    "    #if visualize == True:\n",
    "    #    visualize_mesh(density_mesh)\n",
    "\n",
    "    print('remove low density vertices')\n",
    "    vertices_to_remove = densities < np.quantile(densities, 0.1)\n",
    "    poisson_mesh.remove_vertices_by_mask(vertices_to_remove)\n",
    "    print(poisson_mesh)\n",
    "    return poisson_mesh\n",
    "\n",
    "    #if visualize == True:\n",
    "    #    visualize_mesh(poisson_mesh)\n",
    "\n",
    "\n",
    "# Takes in a (Poisson reconstructed) mesh and returns a Taubin smoothed mesh with num_iter iterations\n",
    "def smooth_mesh(mesh, num_iter = 10, visualize = False):\n",
    "    print('filter with Taubin with '+ str(num_iter) + ' iterations')\n",
    "    mesh_taub = mesh.filter_smooth_taubin(num_iter, 0.5, -0.53)\n",
    "    mesh_taub.compute_vertex_normals()\n",
    "    \n",
    "    if visualize == True:\n",
    "        o3d.visualization.draw_geometries([mesh_taub])\n",
    "\n",
    "    return mesh_taub"
   ]
  },
  {
   "cell_type": "code",
   "execution_count": 6,
   "metadata": {},
   "outputs": [],
   "source": [
    "#print(\"t: \", t)\n",
    "pc = o3d.io.read_point_cloud(\"./leaf-test.ply\")\n",
    "#t_test = tri.load(\"./leaf-test.ply\")\n",
    "#print(\"t_test: \", pc)\n",
    "pc.compute_vertex_normals(normalized=True)\n"
   ]
  },
  {
   "cell_type": "code",
   "execution_count": 7,
   "metadata": {},
   "outputs": [
    {
     "output_type": "error",
     "ename": "RuntimeError",
     "evalue": "\u001b[1;31m[Open3D ERROR] [CreateFromPointCloudPoisson] pcd has no normals\u001b[0;m",
     "traceback": [
      "\u001b[0;31m---------------------------------------------------------------------------\u001b[0m",
      "\u001b[0;31mRuntimeError\u001b[0m                              Traceback (most recent call last)",
      "\u001b[0;32m<ipython-input-7-a30e8626d6a4>\u001b[0m in \u001b[0;36m<module>\u001b[0;34m\u001b[0m\n\u001b[0;32m----> 1\u001b[0;31m \u001b[0mmesh\u001b[0m \u001b[0;34m=\u001b[0m \u001b[0mgenerate_mesh\u001b[0m\u001b[0;34m(\u001b[0m\u001b[0mpc\u001b[0m\u001b[0;34m,\u001b[0m \u001b[0mvisualize\u001b[0m \u001b[0;34m=\u001b[0m \u001b[0;32mFalse\u001b[0m\u001b[0;34m)\u001b[0m\u001b[0;34m\u001b[0m\u001b[0;34m\u001b[0m\u001b[0m\n\u001b[0m\u001b[1;32m      2\u001b[0m \u001b[0mmeshSmoothed\u001b[0m \u001b[0;34m=\u001b[0m \u001b[0msmooth_mesh\u001b[0m\u001b[0;34m(\u001b[0m\u001b[0mmesh\u001b[0m\u001b[0;34m,\u001b[0m \u001b[0mnum_iter\u001b[0m \u001b[0;34m=\u001b[0m \u001b[0;36m10\u001b[0m\u001b[0;34m,\u001b[0m \u001b[0mvisualize\u001b[0m \u001b[0;34m=\u001b[0m \u001b[0;32mFalse\u001b[0m\u001b[0;34m)\u001b[0m\u001b[0;34m\u001b[0m\u001b[0;34m\u001b[0m\u001b[0m\n",
      "\u001b[0;32m<ipython-input-5-58cf1b65fe33>\u001b[0m in \u001b[0;36mgenerate_mesh\u001b[0;34m(pcd, visualize)\u001b[0m\n\u001b[1;32m      4\u001b[0m     with o3d.utility.VerbosityContextManager(\n\u001b[1;32m      5\u001b[0m             o3d.utility.VerbosityLevel.Debug) as cm:\n\u001b[0;32m----> 6\u001b[0;31m         poisson_mesh, densities = o3d.geometry.TriangleMesh.create_from_point_cloud_poisson(\n\u001b[0m\u001b[1;32m      7\u001b[0m             pcd, depth=9)\n\u001b[1;32m      8\u001b[0m     \u001b[0mprint\u001b[0m\u001b[0;34m(\u001b[0m\u001b[0mpoisson_mesh\u001b[0m\u001b[0;34m)\u001b[0m\u001b[0;34m\u001b[0m\u001b[0;34m\u001b[0m\u001b[0m\n",
      "\u001b[0;31mRuntimeError\u001b[0m: \u001b[1;31m[Open3D ERROR] [CreateFromPointCloudPoisson] pcd has no normals\u001b[0;m"
     ]
    }
   ],
   "source": [
    "mesh = generate_mesh(pc, visualize = False)\n",
    "meshSmoothed = smooth_mesh(mesh, num_iter = 10, visualize = False)"
   ]
  },
  {
   "cell_type": "code",
   "execution_count": 8,
   "metadata": {},
   "outputs": [],
   "source": [
    "#alpha = 0.08\n",
    "#print(f\"alpha={alpha:.3f}\")\n",
    "#mesh = o3d.geometry.TriangleMesh.create_from_point_cloud_alpha_shape(pc, alpha)\n",
    "#mesh.compute_vertex_normals()\n",
    "#o3d.visualization.draw_geometries([mesh], mesh_show_back_face=True)"
   ]
  },
  {
   "cell_type": "code",
   "execution_count": 9,
   "metadata": {},
   "outputs": [
    {
     "output_type": "execute_result",
     "data": {
      "text/plain": [
       "True"
      ]
     },
     "metadata": {},
     "execution_count": 9
    }
   ],
   "source": [
    "o3d.io.write_triangle_mesh(\"leaf-mesh.ply\", meshSmoothed)"
   ]
  },
  {
   "cell_type": "code",
   "execution_count": 10,
   "metadata": {
    "tags": []
   },
   "outputs": [
    {
     "output_type": "stream",
     "name": "stdout",
     "text": [
      "X shape:  (17, 3)\n",
      "X shape:  (17, 3)\n",
      "shape:  (17, 3)\n",
      "X shape:  (17, 3)\n",
      "Y shape:  (17,)\n",
      "mean\n",
      "w:  [ 163.81666908 4367.60940894 3067.44039917]\n",
      "eigen values:  [ 163.81666908 4367.60940894 3067.44039917]\n",
      "eigen values SORTED:  [ 163.81666908 3067.44039917 4367.60940894]\n",
      "features of article:  [163.81666907882573, 1300.1690097677188, 2903.623730091665]\n",
      "curvature and direction in article:  [0.021558040211736573, 0.5747711743653032]\n",
      "w:  [ 163.81666908 3067.44039917 4367.60940894]\n",
      "[1]\n"
     ]
    }
   ],
   "source": [
    "print(\"X shape: \", np.array(X).shape)\n",
    "#scaler = StandardScaler()\n",
    "#scaler.fit(Xtemp)\n",
    "#Xtemp = scaler.transform(Xtemp)\n",
    "\n",
    "def unison_shuffling(a, b):\n",
    "    assert len(a) == len(b)\n",
    "    p = np.random.permutation(len(a))\n",
    "    return a[p], b[p]\n",
    "\n",
    "\n",
    "X = [np.array(X[i]) for i in range(len(X))]\n",
    "print(\"X shape: \", np.array(X).shape)\n",
    "#print(\"X shape: \", len(Xtemp))\n",
    "Xtemp = np.array(X)\n",
    "print(\"shape: \", Xtemp.shape)\n",
    "Ytemp = np.array(Y)\n",
    "print(\"X shape: \", Xtemp.shape)\n",
    "print(\"Y shape: \", Ytemp.shape)\n",
    "#print(\"Y shape: \", np.array(Y).shape)\n",
    "clf = svm.SVC()\n",
    "Xtemp, Ytemp = unison_shuffling(Xtemp, Ytemp)\n",
    "clf.fit(Xtemp, Ytemp)\n",
    "\n",
    "\n",
    "#t_test = tri.load(\"./leaf-mesh.ply\")\n",
    "mesh_test = o3d.io.read_triangle_mesh(\"leaf-mesh.ply\")\n",
    "points = np.asarray(mesh_test.vertices)\n",
    "w = getEigenValues2(mesh_test, points)\n",
    "print(\"w: \", w)\n",
    "#print(\"t_test: \", t_test)\n",
    "#gausstest = tri.curvature.discrete_gaussian_curvature_measure(\n",
    "#        mesh=t_test,\n",
    "#        points=t.vertices,\n",
    "#        radius=3)\n",
    "#gausstest = np.array(gausstest[:100])\n",
    "#print(\"gaus: \", gausstest )\n",
    "#gausstesttemp = scaler.transform([gausstest])\n",
    "#print(gausstesttemp)\n",
    "#gausstesttemp = gausstesttemp.reshape(1,-1)\n",
    "w = w.reshape(1, -1) \n",
    "print(clf.predict(w))"
   ]
  },
  {
   "cell_type": "code",
   "execution_count": 11,
   "metadata": {},
   "outputs": [
    {
     "output_type": "stream",
     "name": "stdout",
     "text": [
      "[1 1 1 1 0 0 0 0 1 1 0 1 0 1 0 1 0]\n"
     ]
    }
   ],
   "source": [
    "print(Ytemp)"
   ]
  },
  {
   "cell_type": "code",
   "execution_count": null,
   "metadata": {},
   "outputs": [],
   "source": []
  }
 ]
}